{
    "altitude_idx_std": 3,
    "altitude_std": 1050,
    "alt_axis": [
        150,
        450,
        750,
        1050,
        1350,
        1650,
        1950,
        2250,
        2550,
        2850,
        3150,
        3450,
        3750,
        4050,
        4350,
        4650
    ],
    "alpha_stdalt": 0.95,
    "years": [
        2013,
        2014,
        2015,
        2016,
        2017,
        2018
    ],
    "months": [
        11
    ],
    "days": [
        1,
        2,
        3,
        4,
        5,
        6,
        7,
        8,
        9,
        10,
        11,
        12,
        13,
        14,
        15,
        16,
        17,
        18,
        19,
        20,
        21,
        22,
        23,
        24,
        25,
        26,
        27,
        28,
        29,
        30
    ],
    "hours": [
        0,
        1,
        2,
        3,
        4,
        5,
        6,
        7,
        8,
        9,
        10,
        11,
        12,
        13,
        14,
        15,
        16,
        17,
        18,
        19,
        20,
        21,
        22,
        23
    ],
    "location": "Hachijo_Jima",
    "mu4": [
        [
            -2.2274438858225123,
            -0.7139540267681725,
            2.3343965865079443,
            0.260869398773531
        ],
        [
            -2.022381712839892,
            -1.7268672612446978,
            2.2413224523694666,
            0.2351930036103505
        ],
        [
            -1.5857757054477573,
            -1.1464877521902475,
            2.2989535780326915,
            0.533747033911944
        ],
        [
            0.0,
            0.0,
            2.3343965865079443,
            0.260869398773531
        ],
        [
            1.3722949716856472,
            0.7445334285243336,
            2.2675464037240527,
            0.9258974758813758
        ],
        [
            3.1429439153020122,
            0.7814223045369655,
            1.7115758159847825,
            0.343829972854405
        ],
        [
            4.091622203373939,
            1.0497857890958573,
            2.2052302418494607,
            0.17547425049312806
        ],
        [
            5.5256670370072785,
            1.0817637628850052,
            2.057390067266102,
            -0.3637403469173617
        ],
        [
            6.513058624184999,
            0.3541750982646842,
            1.99420658827981,
            0.5568882654279171
        ],
        [
            7.468574085600807,
            1.1741813493827462,
            2.8782725342563253,
            0.048343557872865935
        ],
        [
            9.131178373089183,
            1.6148021651755196,
            2.225001937832823,
            0.2201217854696908
        ],
        [
            11.082604196254762,
            1.0119110752552338,
            1.746643169111705,
            0.2262329056673654
        ],
        [
            12.7709723480821,
            0.7756805086317876,
            1.3160016862428854,
            0.3209216994375873
        ],
        [
            13.679640662620688,
            1.8858427788876388,
            2.249451659694404,
            0.6182674446549306
        ],
        [
            15.505763980367384,
            1.7415226858607855,
            1.725075966455165,
            0.4671416474040655
        ],
        [
            16.906708717851618,
            2.7010444160178597,
            1.9888273138090722,
            0.2238983038882329
        ]
    ],
    "sigma4": [
        [
            [
                33.548808561487334,
                -2.9879941746602765,
                -48.01395816089966,
                -3.5497330857554057
            ],
            [
                -2.9879941746602765,
                23.823815909822507,
                3.1737394107577863,
                -27.298571574096087
            ],
            [
                -48.01395816089966,
                3.1737394107577863,
                74.85808652289238,
                10.125647465102757
            ],
            [
                -3.5497330857554057,
                -27.298571574096087,
                10.125647465102757,
                38.52636226304581
            ]
        ],
        [
            [
                9.345735473107618,
                0.06525290790334445,
                -8.10326302442778,
                1.250414119618067
            ],
            [
                0.06525290790334445,
                11.44563520836563,
                10.382261156603949,
                -3.929494075580105
            ],
            [
                -8.10326302442778,
                10.382261156603949,
                75.94508308020941,
                9.778694698375377
            ],
            [
                1.250414119618067,
                -3.929494075580105,
                9.778694698375377,
                37.732654534744704
            ]
        ],
        [
            [
                5.488865860243387,
                1.3861141586598538,
                1.250851361048977,
                0.5156928913142479
            ],
            [
                1.3861141586598538,
                6.426974838134401,
                5.976472338101271,
                0.09998543336434779
            ],
            [
                1.250851361048977,
                5.976472338101271,
                74.33149823699422,
                14.382228324826015
            ],
            [
                0.5156928913142479,
                0.09998543336434779,
                14.382228324826015,
                30.469236596301364
            ]
        ],
        [
            [
                0.0,
                0.0,
                0.0,
                0.0
            ],
            [
                0.0,
                0.0,
                0.0,
                0.0
            ],
            [
                0.0,
                0.0,
                74.85808652289238,
                10.125647465102757
            ],
            [
                0.0,
                0.0,
                10.125647465102757,
                38.52636226304581
            ]
        ],
        [
            [
                5.468278319050697,
                0.9192868636566572,
                -8.056169943800704,
                -2.860970860174687
            ],
            [
                0.9192868636566572,
                5.052313603302928,
                -5.471515739067331,
                -5.390828385953091
            ],
            [
                -8.056169943800704,
                -5.471515739067331,
                72.46162136215786,
                16.917983719412423
            ],
            [
                -2.860970860174687,
                -5.390828385953091,
                16.917983719412423,
                39.16326552836805
            ]
        ],
        [
            [
                13.194919507567217,
                2.548044172213052,
                -17.428579932152147,
                -4.375470490411108
            ],
            [
                2.548044172213052,
                12.179330855191381,
                -3.9586632142148073,
                -9.633691860993634
            ],
            [
                -17.428579932152147,
                -3.9586632142148073,
                79.54504362926845,
                10.13204237001863
            ],
            [
                -4.375470490411108,
                -9.633691860993634,
                10.13204237001863,
                37.75111676938779
            ]
        ],
        [
            [
                16.720893678416502,
                3.2026099138694097,
                -18.277333484395196,
                -4.423626685078572
            ],
            [
                3.2026099138694097,
                17.192105421843678,
                -2.3321530074049486,
                -11.283269121486748
            ],
            [
                -18.277333484395196,
                -2.3321530074049486,
                74.44302014682866,
                10.13558770399284
            ],
            [
                -4.423626685078572,
                -11.283269121486748,
                10.13558770399284,
                39.88451710607545
            ]
        ],
        [
            [
                19.117081009375887,
                3.576514043685444,
                -19.929179456509612,
                -6.133322675887316
            ],
            [
                3.576514043685444,
                21.02208771626985,
                -1.016232614003509,
                -11.407696281230358
            ],
            [
                -19.929179456509612,
                -1.016232614003509,
                75.6506329701959,
                6.19088377136485
            ],
            [
                -6.133322675887316,
                -11.407696281230358,
                6.19088377136485,
                34.90680807673792
            ]
        ],
        [
            [
                24.710485061827843,
                5.140095751423678,
                -20.93937687646289,
                -5.235012551824725
            ],
            [
                5.140095751423678,
                20.171364477404826,
                -5.495645942955791,
                -12.951779446741408
            ],
            [
                -20.93937687646289,
                -5.495645942955791,
                71.34742688773072,
                12.574089747975309
            ],
            [
                -5.235012551824725,
                -12.951779446741408,
                12.574089747975309,
                34.80522443476314
            ]
        ],
        [
            [
                29.568673852302624,
                0.7234114976502128,
                -19.532538290364034,
                -7.496312080737899
            ],
            [
                0.7234114976502128,
                30.60547113647112,
                10.457611802473235,
                -16.63253640568444
            ],
            [
                -19.532538290364034,
                10.457611802473235,
                71.36417180654904,
                8.513607692211378
            ],
            [
                -7.496312080737899,
                -16.63253640568444,
                8.513607692211378,
                39.65628601176567
            ]
        ],
        [
            [
                38.60737877951652,
                3.929315743053723,
                -27.125095843417437,
                -8.970869332292434
            ],
            [
                3.929315743053723,
                28.83471966247095,
                4.5267858109347285,
                -13.582621104829373
            ],
            [
                -27.125095843417437,
                4.5267858109347285,
                74.9912599466568,
                14.184491289277316
            ],
            [
                -8.970869332292434,
                -13.582621104829373,
                14.184491289277316,
                35.945660131754686
            ]
        ],
        [
            [
                43.268522955897005,
                6.855601541981079,
                -32.65115949511567,
                -10.69087033102003
            ],
            [
                6.855601541981079,
                42.40719253912278,
                9.974125640894178,
                -20.783170831688707
            ],
            [
                -32.65115949511567,
                9.974125640894178,
                72.42004903055914,
                7.432149148415938
            ],
            [
                -10.69087033102003,
                -20.783170831688707,
                7.432149148415938,
                36.977171677631134
            ]
        ],
        [
            [
                47.17853870812921,
                7.669663693080275,
                -33.371767036718225,
                -9.504525543877211
            ],
            [
                7.669663693080275,
                34.59112112388322,
                3.9046822417027656,
                -16.466334469611105
            ],
            [
                -33.371767036718225,
                3.9046822417027656,
                71.00260503471598,
                13.711586906918026
            ],
            [
                -9.504525543877211,
                -16.466334469611105,
                13.711586906918026,
                36.692341747843855
            ]
        ],
        [
            [
                55.068028343356126,
                7.66239597282759,
                -31.759509952692323,
                -10.025975620140045
            ],
            [
                7.66239597282759,
                49.065522510357255,
                11.752528050915954,
                -24.079882286846125
            ],
            [
                -31.759509952692323,
                11.752528050915954,
                76.56441664239158,
                11.144349394628765
            ],
            [
                -10.025975620140045,
                -24.079882286846125,
                11.144349394628765,
                39.34140308485496
            ]
        ],
        [
            [
                60.8605212786741,
                11.711009288368361,
                -28.862826868153146,
                -13.181104554508783
            ],
            [
                11.711009288368361,
                45.25771712153503,
                7.7723142186007905,
                -16.8985076426695
            ],
            [
                -28.862826868153146,
                7.7723142186007905,
                69.2139807553686,
                12.927074390922948
            ],
            [
                -13.181104554508783,
                -16.8985076426695,
                12.927074390922948,
                36.799708445085066
            ]
        ],
        [
            [
                60.15889824636127,
                5.49709407713494,
                -33.31685438999896,
                -16.0149492409613
            ],
            [
                5.49709407713494,
                55.946833224489616,
                17.6634824993023,
                -21.3108166804413
            ],
            [
                -33.31685438999896,
                17.6634824993023,
                79.43118708548873,
                12.70326810612033
            ],
            [
                -16.0149492409613,
                -21.3108166804413,
                12.70326810612033,
                37.7119627225632
            ]
        ]
    ]
}